800 0.179882
805 0.177456
810 0.174947
815 0.172371
820 0.169746
825 0.167083
830 0.164397
835 0.16171
840 0.15901
845 0.156282
850 0.153553
855 0.150849
860 0.148162
865 0.145492
870 0.142843
875 0.140209
880 0.137617
885 0.135115
890 0.13263
895 0.130067
900 0.12752
905 0.12507
910 0.122672
915 0.120302
920 0.117968
925 0.115667
930 0.113404
935 0.111181
940 0.108997
945 0.10685
950 0.10474
955 0.102668
960 0.100633
965 0.0986329
970 0.0966688
975 0.0947409
980 0.0928497
985 0.0909959
990 0.0891776
995 0.0873879
1000 0.0856411
1005 0.0839649
1010 0.0823132
1015 0.0806302
1020 0.0789703
1025 0.0773796
1030 0.0758297
1035 0.0743055
1040 0.072813
1045 0.0713544
1050 0.0699249
1055 0.0685193
1060 0.0671407
1065 0.0657915
1070 0.0644689
1075 0.0631698
1080 0.0618974
1085 0.0606549
1090 0.0594392
1095 0.0582478
1100 0.057081
1105 0.0559383
1110 0.0548188
1115 0.0537213
1120 0.0526462
1125 0.0515938
1130 0.0505632
1135 0.0495538
1140 0.0485653
1145 0.0475972
1150 0.0466493
1155 0.0457209
1160 0.044812
1165 0.0439221
1170 0.0430507
1175 0.0421969
1180 0.0413604
1185 0.0405411
1190 0.0397387
1195 0.0389532
1200 0.038184
1205 0.0374304
1210 0.036692
1215 0.0359685
1220 0.0352599
1225 0.0345662
1230 0.0338868
1235 0.0332212
1240 0.0325693
1245 0.0319308
1250 0.0313054
1255 0.0306929
1260 0.0300929
1265 0.0295052
1270 0.0289297
1275 0.0283658
1280 0.0278134
1285 0.0272724
1290 0.0267424
1295 0.0262231
1300 0.0257145
1305 0.0252164
1310 0.0247284
1315 0.0242502
1320 0.0237816
1325 0.0233225
1330 0.0228727
1335 0.0224318
1340 0.0219999
1345 0.0215768
1350 0.0211623
1355 0.020756
1360 0.0203578
1365 0.0199678
1370 0.0195856
1375 0.0192111
1380 0.0188441
1385 0.0184844
1390 0.0181319
1395 0.0177865
1400 0.017448
1405 0.0171163
1410 0.0167912
1415 0.0164725
1420 0.0161602
1425 0.015854
1430 0.015554
1435 0.0152599
1440 0.0149717
1445 0.0146892
1450 0.0144122
1455 0.0141396
1460 0.0138746
1465 0.0136239
1470 0.013376
1475 0.0131172
1480 0.0128611
1485 0.0126188
1490 0.0123836
1495 0.0121518
1500 0.0119246
1505 0.0117019
1510 0.0114835
1515 0.0112694
1520 0.0110595
1525 0.0108537
1530 0.0106519
1535 0.010454
1540 0.0102598
1545 0.0100693
1550 0.00988249
1555 0.00969943
1560 0.00951995
1565 0.00934392
1570 0.00917127
1575 0.00900192
1580 0.00883584
1585 0.00867297
1590 0.00851326
1595 0.00835662
1600 0.00820299
1605 0.0080523
1610 0.0079045
1615 0.00775953
1620 0.00761733
1625 0.00747781
1630 0.00734094
1635 0.00720664
1640 0.00707493
1645 0.00694584
1650 0.0068192
1655 0.00669484
1660 0.0065728
1665 0.00645307
1670 0.00633561
1675 0.00622037
1680 0.00610732
1685 0.00599639
1690 0.00588761
1695 0.00578109
1700 0.00567658
1705 0.00557382
1710 0.00547295
1715 0.00537401
1720 0.00527694
1725 0.00518169
1730 0.00508823
1735 0.00499652
1740 0.00490653
1745 0.00481821
1750 0.00473152
1755 0.00464643
1760 0.0045629
1765 0.00448052
1770 0.00440044
1775 0.00432462
1780 0.0042502
1785 0.00417467
1790 0.00409897
1795 0.00402246
1800 0.00394738
1805 0.00387644
1810 0.00380757
1815 0.00373937
1820 0.00367243
1825 0.00360694
1830 0.00354271
1835 0.00347962
1840 0.00341767
1845 0.00335686
1850 0.00329716
1855 0.00323855
1860 0.00318101
1865 0.00312451
1870 0.00306904
1875 0.00301458
1880 0.00296112
1885 0.00290863
1890 0.00285711
1895 0.00280653
1900 0.00275687
1905 0.00270813
1910 0.00266027
1915 0.00261329
1920 0.00256715
1925 0.00252184
1930 0.00247735
1935 0.00243368
1940 0.00239079
1945 0.00234868
1950 0.00230734
1955 0.00226674
1960 0.00222687
1965 0.00218773
1970 0.00214929
1975 0.00211153
1980 0.00207445
1985 0.00203804
1990 0.00200229
1995 0.00196718
2000 0.0019327
