800 0.00685367
805 0.00676124
810 0.00666562
815 0.0065675
820 0.00646748
825 0.00636599
830 0.00626366
835 0.00616127
840 0.00605843
845 0.00595447
850 0.00585051
855 0.00574747
860 0.00564511
865 0.00554337
870 0.00544243
875 0.00534208
880 0.00524331
885 0.00514801
890 0.00505331
895 0.00495565
900 0.00485861
905 0.00476528
910 0.00467391
915 0.00458361
920 0.00449467
925 0.00440703
930 0.0043208
935 0.00423611
940 0.00415288
945 0.00407106
950 0.00399067
955 0.00391174
960 0.0038342
965 0.003758
970 0.00368316
975 0.00360971
980 0.00353765
985 0.00346702
990 0.00339774
995 0.00332955
1000 0.003263
1005 0.00319913
1010 0.0031362
1015 0.00307208
1020 0.00300884
1025 0.00294823
1030 0.00288918
1035 0.0028311
1040 0.00277424
1045 0.00271866
1050 0.0026642
1055 0.00261064
1060 0.00255812
1065 0.00250671
1070 0.00245632
1075 0.00240682
1080 0.00235834
1085 0.002311
1090 0.00226468
1095 0.00221929
1100 0.00217483
1105 0.0021313
1110 0.00208864
1115 0.00204683
1120 0.00200586
1125 0.00196577
1130 0.0019265
1135 0.00188804
1140 0.00185038
1145 0.0018135
1150 0.00177738
1155 0.00174201
1160 0.00170737
1165 0.00167347
1170 0.00164027
1175 0.00160774
1180 0.00157587
1185 0.00154465
1190 0.00151408
1195 0.00148415
1200 0.00145484
1205 0.00142613
1210 0.001398
1215 0.00137043
1220 0.00134343
1225 0.001317
1230 0.00129112
1235 0.00126576
1240 0.00124092
1245 0.00121659
1250 0.00119276
1255 0.00116942
1260 0.00114656
1265 0.00112418
1270 0.00110225
1275 0.00108076
1280 0.00105971
1285 0.0010391
1290 0.00101891
1295 0.000999124
1300 0.000979745
1305 0.000960766
1310 0.000942173
1315 0.000923952
1320 0.000906098
1325 0.000888607
1330 0.000871469
1335 0.000854672
1340 0.000838214
1345 0.000822096
1350 0.000806302
1355 0.00079082
1360 0.000775649
1365 0.000760789
1370 0.000746229
1375 0.00073196
1380 0.000717977
1385 0.000704271
1390 0.00069084
1395 0.000677679
1400 0.000664783
1405 0.000652144
1410 0.000639758
1415 0.000627616
1420 0.000615716
1425 0.000604052
1430 0.00059262
1435 0.000581416
1440 0.000570434
1445 0.00055967
1450 0.000549119
1455 0.000538731
1460 0.000528633
1465 0.000519081
1470 0.000509638
1475 0.000499778
1480 0.000490017
1485 0.000480788
1490 0.000471825
1495 0.000462996
1500 0.000454339
1505 0.000445852
1510 0.000437531
1515 0.000429375
1520 0.000421378
1525 0.000413536
1530 0.000405845
1535 0.000398305
1540 0.000390908
1545 0.00038365
1550 0.000376531
1555 0.000369557
1560 0.000362718
1565 0.000356011
1570 0.000349433
1575 0.000342981
1580 0.000336653
1585 0.000330448
1590 0.000324362
1595 0.000318394
1600 0.000312541
1605 0.0003068
1610 0.000301168
1615 0.000295645
1620 0.000290227
1625 0.000284911
1630 0.000279696
1635 0.000274579
1640 0.000269561
1645 0.000264642
1650 0.000259817
1655 0.000255079
1660 0.000250429
1665 0.000245868
1670 0.000241392
1675 0.000237001
1680 0.000232694
1685 0.000228468
1690 0.000224323
1695 0.000220264
1700 0.000216282
1705 0.000212367
1710 0.000208524
1715 0.000204754
1720 0.000201056
1725 0.000197427
1730 0.000193866
1735 0.000190372
1740 0.000186943
1745 0.000183578
1750 0.000180275
1755 0.000177033
1760 0.00017385
1765 0.000170712
1770 0.00016766
1775 0.000164772
1780 0.000161936
1785 0.000159058
1790 0.000156174
1795 0.000153259
1800 0.000150398
1805 0.000147696
1810 0.000145072
1815 0.000142473
1820 0.000139923
1825 0.000137427
1830 0.00013498
1835 0.000132576
1840 0.000130216
1845 0.000127899
1850 0.000125624
1855 0.000123391
1860 0.000121199
1865 0.000119046
1870 0.000116933
1875 0.000114858
1880 0.000112821
1885 0.000110821
1890 0.000108858
1895 0.000106931
1900 0.000105039
1905 0.000103182
1910 0.000101359
1915 9.95684e-05
1920 9.78106e-05
1925 9.60843e-05
1930 9.43893e-05
1935 9.27251e-05
1940 9.10911e-05
1945 8.94868e-05
1950 8.79115e-05
1955 8.63647e-05
1960 8.48458e-05
1965 8.33544e-05
1970 8.18897e-05
1975 8.04511e-05
1980 7.90383e-05
1985 7.7651e-05
1990 7.62888e-05
1995 7.49512e-05
2000 7.36377e-05
